731 3
350 498 331 
566 479 757 
791 919 250 
98 78 705 
249 819 723 
45 397 519 
798 420 945 
994 856 319 
153 115 461 
466 316 691 
998 428 660 
474 606 798 
992 975 177 
183 887 723 
442 345 817 
13 805 409 
341 74 483 
596 376 149 
717 835 820 
118 833 896 
959 608 380 
951 172 881 
464 655 443 
915 793 210 
627 186 437 
183 626 95 
243 341 874 
100 493 94 
180 465 587 
85 843 19 
115 304 314 
914 394 976 
40 48 509 
654 263 571 
727 11 241 
372 368 855 
1000 146 182 
340 153 594 
572 21 781 
201 895 154 
914 388 291 
650 476 244 
999 474 993 
6 279 567 
674 927 401 
568 48 730 
773 693 355 
493 659 721 
613 757 509 
282 471 405 
762 275 151 
113 990 18 
957 15 858 
24 23 778 
423 820 254 
341 754 132 
776 282 391 
58 967 181 
73 42 411 
874 613 80 
179 614 56 
892 24 836 
979 820 634 
49 313 787 
311 654 563 
927 698 451 
967 540 158 
51 347 685 
800 94 490 
37 247 276 
536 662 45 
452 101 633 
171 128 119 
661 800 480 
302 149 127 
51 457 671 
455 186 345 
581 719 899 
376 541 397 
322 148 994 
958 93 361 
358 865 970 
981 420 887 
109 710 496 
463 987 33 
952 902 986 
811 349 6 
994 873 83 
807 279 922 
189 159 738 
544 567 786 
148 193 12 
604 748 744 
979 950 847 
15 303 71 
837 54 619 
696 33 543 
263 187 723 
451 413 909 
860 556 494 
76 838 349 
820 582 34 
766 552 850 
119 28 327 
110 862 439 
280 252 279 
701 604 578 
804 889 790 
981 868 731 
113 996 275 
529 339 219 
990 396 184 
791 79 560 
400 656 221 
678 775 552 
962 702 591 
222 136 901 
427 578 596 
548 533 93 
230 630 624 
116 222 220 
97 885 5 
267 419 624 
489 207 961 
74 369 48 
118 750 569 
767 448 411 
953 359 686 
347 433 839 
540 337 978 
688 192 525 
810 568 569 
848 662 972 
246 969 825 
315 747 686 
576 703 529 
659 994 437 
514 696 203 
744 660 20 
700 75 675 
846 85 763 
20 504 488 
716 935 299 
998 403 482 
574 519 969 
916 983 373 
157 336 384 
382 445 485 
186 803 283 
44 93 352 
569 820 865 
152 996 787 
503 706 158 
382 877 126 
139 464 650 
197 288 56 
951 573 970 
975 304 989 
783 44 711 
883 115 230 
446 520 285 
60 438 502 
581 594 766 
984 570 822 
65 202 970 
47 737 651 
197 94 125 
146 509 448 
41 125 241 
835 239 692 
458 341 945 
317 582 479 
420 364 364 
206 430 672 
627 766 398 
930 108 569 
251 383 478 
334 902 77 
642 148 112 
667 889 818 
935 118 346 
526 434 824 
89 554 70 
393 223 696 
287 378 472 
399 501 544 
394 23 526 
656 999 660 
231 350 201 
913 323 539 
5 185 730 
25 367 332 
797 881 622 
813 52 833 
830 756 239 
832 764 590 
816 870 820 
924 151 325 
768 829 561 
533 918 352 
188 33 920 
115 63 654 
257 86 663 
890 426 228 
470 753 978 
659 731 723 
949 90 942 
100 380 940 
732 259 339 
394 636 160 
317 77 268 
152 658 391 
810 831 70 
971 56 205 
322 293 524 
134 273 786 
362 638 799 
282 131 832 
237 688 496 
734 202 305 
296 890 323 
443 651 564 
361 933 403 
210 778 505 
194 257 72 
592 369 228 
270 702 689 
803 663 931 
254 784 9 
818 206 441 
174 74 881 
29 62 945 
752 223 967 
718 7 821 
304 711 943 
564 287 493 
484 310 716 
51 971 158 
66 985 536 
329 788 378 
289 436 662 
126 628 507 
451 542 560 
620 333 910 
684 853 300 
951 958 735 
317 639 619 
730 496 9 
16 438 630 
329 271 446 
281 433 767 
460 923 448 
859 800 777 
77 709 240 
112 983 610 
244 9 461 
155 497 0 
474 621 605 
0 682 243 
890 771 37 
606 213 778 
904 807 689 
833 354 136 
720 85 259 
762 273 966 
992 706 311 
860 403 761 
669 55 377 
895 477 217 
13 684 724 
557 408 630 
705 117 834 
136 37 804 
203 562 307 
856 181 35 
126 867 421 
60 2 421 
789 40 150 
262 636 992 
295 600 394 
14 838 968 
782 73 133 
854 825 812 
309 546 197 
73 732 134 
790 972 96 
531 465 387 
495 946 278 
348 361 698 
168 506 60 
216 236 824 
783 829 409 
478 901 174 
201 200 805 
99 102 140 
982 831 408 
841 650 185 
960 353 670 
667 573 268 
683 500 207 
862 53 447 
166 457 967 
505 102 813 
587 903 206 
324 20 56 
774 672 656 
795 355 682 
257 163 150 
194 919 638 
739 545 116 
214 291 147 
512 70 59 
159 336 688 
895 545 174 
135 417 62 
522 549 523 
828 619 512 
375 998 17 
277 959 920 
900 754 219 
628 246 3 
42 396 704 
453 811 630 
175 368 386 
464 371 669 
0 690 345 
769 522 512 
592 132 190 
48 981 868 
876 399 329 
509 102 131 
720 53 52 
324 277 824 
496 911 27 
681 276 371 
213 896 263 
227 557 650 
126 88 540 
178 100 26 
670 735 479 
316 987 378 
700 188 779 
426 484 471 
413 734 905 
121 491 320 
277 576 653 
984 943 836 
624 920 228 
744 565 139 
562 1 808 
905 502 366 
89 174 506 
685 829 481 
500 397 661 
442 807 561 
489 885 283 
554 425 938 
148 177 690 
105 994 758 
75 445 898 
729 547 201 
791 674 77 
505 611 107 
422 264 939 
265 549 888 
818 461 111 
926 913 53 
364 127 384 
89 218 389 
11 319 976 
844 408 692 
104 120 612 
97 391 113 
13 30 737 
506 353 942 
495 517 933 
58 766 62 
910 310 805 
931 323 948 
97 538 851 
810 297 917 
553 269 255 
932 365 631 
657 157 454 
8 119 268 
628 490 57 
987 801 588 
874 865 892 
193 608 658 
83 532 93 
28 741 355 
475 838 881 
278 371 914 
59 921 618 
328 297 551 
131 224 518 
171 483 501 
390 799 77 
457 313 45 
194 711 934 
630 740 669 
439 176 213 
489 136 478 
928 427 989 
543 959 320 
501 255 775 
498 952 556 
298 990 261 
335 158 380 
399 656 672 
470 390 877 
694 605 103 
635 486 779 
835 937 80 
336 306 77 
65 376 6 
112 942 138 
787 915 230 
699 105 147 
499 973 862 
912 747 538 
63 560 321 
139 292 168 
765 868 462 
819 584 216 
91 342 423 
72 219 978 
481 827 165 
704 343 778 
597 550 93 
826 553 406 
639 192 870 
671 746 763 
328 278 820 
767 743 931 
761 659 563 
75 471 229 
622 75 912 
438 49 71 
459 890 490 
529 591 955 
925 847 552 
632 488 929 
95 469 99 
729 942 527 
264 561 905 
596 657 133 
166 757 367 
966 447 975 
225 621 844 
900 41 935 
435 12 965 
159 508 935 
175 863 635 
209 889 640 
918 291 270 
250 801 867 
61 160 569 
452 842 601 
368 709 11 
309 882 733 
99 36 215 
751 752 384 
849 733 899 
586 373 444 
412 64 810 
440 508 603 
320 48 1000 
0 366 890 
2 479 978 
871 901 234 
142 729 598 
764 982 804 
123 827 801 
575 223 87 
729 537 788 
968 9 634 
699 321 100 
774 747 829 
285 375 730 
871 422 270 
118 549 444 
990 740 285 
996 712 69 
184 575 973 
821 24 549 
233 624 403 
582 824 617 
682 573 131 
520 160 323 
656 918 809 
100 876 569 
737 427 31 
641 605 378 
164 347 522 
173 907 758 
198 985 496 
727 687 29 
207 442 972 
548 643 363 
30 628 742 
260 585 198 
167 617 169 
514 208 855 
840 943 295 
798 929 114 
916 223 501 
747 177 963 
793 11 490 
895 556 344 
570 507 881 
357 830 744 
170 908 241 
229 571 369 
775 777 292 
947 514 463 
773 368 264 
591 981 597 
722 936 88 
26 862 276 
775 562 588 
402 544 537 
824 302 115 
555 580 111 
674 106 23 
121 16 627 
515 65 912 
683 879 20 
665 927 478 
610 8 790 
683 275 998 
638 939 123 
942 821 482 
124 411 266 
217 560 257 
913 388 830 
594 5 715 
174 630 700 
378 520 112 
52 751 936 
407 749 607 
704 968 927 
579 708 149 
513 471 377 
830 792 532 
721 606 500 
928 659 401 
703 49 488 
845 948 647 
573 993 321 
702 455 730 
62 201 565 
83 24 836 
496 160 768 
545 460 624 
4 503 169 
159 546 960 
481 355 854 
565 430 894 
217 484 78 
844 443 252 
570 16 801 
766 383 42 
361 829 261 
108 963 525 
839 542 914 
190 0 452 
567 492 983 
333 790 786 
989 399 722 
845 355 196 
501 938 326 
285 989 845 
741 455 884 
4 968 18 
521 500 158 
947 994 281 
333 739 348 
426 456 416 
779 310 154 
291 151 906 
767 122 804 
919 884 28 
389 768 189 
401 275 100 
944 270 220 
968 851 847 
561 405 292 
163 299 768 
326 679 436 
995 264 374 
377 806 772 
598 759 17 
500 736 853 
15 222 220 
434 67 822 
416 219 182 
126 186 920 
584 186 558 
153 635 346 
556 472 258 
129 961 272 
240 138 72 
489 438 976 
751 74 571 
231 519 627 
905 96 773 
495 768 247 
922 554 756 
778 672 665 
784 771 77 
590 315 696 
248 917 929 
750 399 372 
841 552 932 
647 760 468 
930 770 990 
891 697 602 
808 461 337 
788 438 605 
892 41 840 
475 213 673 
440 287 574 
969 708 943 
848 39 173 
574 190 650 
971 658 298 
245 311 790 
478 820 132 
846 661 631 
293 257 434 
159 372 278 
991 778 654 
648 549 547 
129 181 161 
895 861 471 
527 398 2 
216 729 911 
904 11 709 
782 450 585 
245 601 789 
896 470 439 
645 250 861 
35 415 125 
419 815 482 
488 820 261 
908 64 831 
183 452 751 
971 599 110 
414 859 45 
794 166 494 
83 119 695 
727 551 898 
367 556 625 
25 736 690 
870 62 553 
964 239 110 
201 101 61 
466 306 662 
210 500 942 
732 204 455 
674 882 15 
45 177 305 
381 275 209 
210 931 602 
872 410 306 
923 362 592 
323 244 111 
577 710 858 
84 322 614 
821 894 324 
43 941 17 
867 600 261 
299 781 208 
747 438 161 
52 127 95 
39 922 980 
123 352 343 
400 158 129 
226 663 608 
325 99 646 
742 110 395 
407 905 914 
768 578 887 
0 896 903 
115 968 946 
805 356 922 
306 534 368 
531 290 594 
423 651 405 
217 305 919 
259 349 102 
607 660 865 
304 940 111 
275 243 826 
119 790 983 
391 919 649 
861 873 284 
964 327 807 
522 387 670 
262 561 998 
943 640 191 
504 94 679 
365 30 277 
906 112 31 
564 302 839 
332 955 766 
157 295 249 
154 735 638 
528 104 642 
535 703 404 
432 270 815 
175 915 96 
996 971 345 
810 984 593 
34 905 809 
376 289 511 
48 9 789 
907 590 988 
599 240 532 
812 43 78 
683 308 290 
794 95 202 
347 939 537 
267 93 492 
120 152 287 
214 572 427 
252 806 335 
607 737 274 
741 741 698 
44 244 288 